1679947327517 0.690210613278868 0
1679947327526 0.5129807369422783 1
1679947327534 0.4111789424686324 2
1679947327544 0.3492445802337154 3
1679947327554 0.31053058479507983 4
1679947327563 0.28183220965144096 5
1679947327572 0.2560588943013677 6
1679947327581 0.23973316941651393 7
1679947327590 0.22385596331640334 8
1679947327598 0.2180298052175182 9
1679947327607 0.20589640597896666 10
1679947327616 0.19557385902938895 11
1679947327625 0.1896463919203178 12
1679947327634 0.18534262365971088 13
1679947327643 0.17867436369228168 14
1679947327653 0.17714912747744088 15
1679947327662 0.17154209981801222 16
1679947327671 0.16983263108962177 17
1679947327680 0.16537524217831573 18
1679947327690 0.1627077868737397 19
1679947327700 0.16137852719091747 20
1679947327708 0.1616353769158072 21
1679947327718 0.15659023098199673 22
1679947327727 0.1565763956023587 23
1679947327736 0.1544192401208361 24
1679947327745 0.153820116692183 25
1679947327755 0.15356122390220447 26
1679947327763 0.15104054797076566 27
1679947327772 0.15095153775057366 28
1679947327782 0.1487535693489471 29
1679947327790 0.1495186715811163 30
1679947327799 0.14890206652000504 31
1679947327808 0.15055709636527229 32
1679947327817 0.14753564137067657 33
1679947327827 0.14683384001881217 34
1679947327836 0.14558639196060086 35
1679947327846 0.14627656619193233 36
1679947327854 0.14622942999513466 37
1679947327863 0.14709449461605148 38
1679947327872 0.14682120709938123 39
1679947327881 0.14588227169096618 40
1679947327892 0.14382023375158773 41
1679947327901 0.14501347730042893 42
1679947327910 0.14628671971499538 43
1679947327922 0.14527672469175407 44
1679947327932 0.1433919261514536 45
1679947327943 0.1447824419522918 46
1679947327957 0.14435560154024638 47
1679947327967 0.14566069933314796 48
1679947327976 0.14479002697597304 49
1679947327986 0.14472086811156532 50
1679947327996 0.14276268580554938 51
1679947328005 0.1438051685755509 52
1679947328014 0.14308658567001947 53
1679947328023 0.14271673826148684 54
1679947328034 0.1414260029465982 55
1679947328043 0.14166988126763724 56
1679947328053 0.1437094756572101 57
1679947328062 0.14203339179634814 58
1679947328073 0.14366981333298418 59
1679947328083 0.14162822284522278 60
1679947328093 0.14339685591751647 61
1679947328102 0.14217854075853542 62
1679947328116 0.14214258546500433 63
1679947328131 0.14279900669925566 64
1679947328149 0.14125328690418243 65
1679947328166 0.14260538927916044 66
1679947328183 0.1416711117237166 67
1679947328199 0.140407480233336 68
1679947328213 0.14055553147901592 69
1679947328224 0.14160635753144896 70
1679947328237 0.14233528522291958 71
1679947328248 0.1406186817185877 72
1679947328263 0.1427600860283417 73
1679947328279 0.14187725822573552 74
1679947328294 0.14294130603579902 75
1679947328309 0.1413115024038889 76
1679947328324 0.14087221404881173 77
1679947328338 0.13897333077442914 78
1679947328352 0.14224258655681848 79
1679947328367 0.14140504545377544 80
1679947328381 0.1404266659607939 81
1679947328398 0.140900097443759 82
1679947328412 0.13926940381761116 83
1679947328429 0.13985661836139288 84
1679947328444 0.13877940938118413 85
1679947328459 0.13799949766755107 86
1679947328475 0.14067653651073264 87
1679947328491 0.1415256807069235 88
1679947328507 0.13913298592465556 89
1679947328522 0.1397492281134026 90
1679947328535 0.14040628220657586 91
1679947328548 0.14109256604033635 92
1679947328560 0.14091041306683402 93
1679947328571 0.13970259214627476 94
1679947328582 0.14171444639792413 95
1679947328591 0.14237602890406703 96
1679947328600 0.14266824275028586 97
1679947328609 0.14047870768928775 98
1679947328618 0.1398984314032501 99
