1679950641084 0.690210613278868 0
1679950641093 0.5129807369422783 1
1679950641102 0.4111789424686324 2
1679950641110 0.3492445802337154 3
1679950641119 0.31053058479507983 4
1679950641128 0.28183220965144096 5
1679950641137 0.2560588943013677 6
1679950641146 0.23973316941651393 7
1679950641155 0.22385596331640334 8
1679950641164 0.2180298052175182 9
1679950641173 0.20589640597896666 10
1679950641182 0.19557385902938895 11
1679950641190 0.1896463919203178 12
1679950641199 0.18534262365971088 13
1679950641209 0.17867436369228168 14
1679950641219 0.17714912747744088 15
1679950641228 0.17154209981801222 16
1679950641236 0.16983263108962177 17
1679950641246 0.16537524217831573 18
1679950641254 0.1627077868737397 19
1679950641271 0.16137852719091747 20
1679950641281 0.1616353769158072 21
1679950641290 0.15659023098199673 22
1679950641299 0.1565763956023587 23
1679950641307 0.1544192401208361 24
1679950641315 0.153820116692183 25
1679950641325 0.15356122390220447 26
1679950641333 0.15104054797076566 27
1679950641343 0.15095153775057366 28
1679950641352 0.1487535693489471 29
1679950641360 0.1495186715811163 30
1679950641370 0.14890206652000504 31
1679950641380 0.15055709636527229 32
1679950641388 0.14753564137067657 33
1679950641397 0.14683384001881217 34
1679950641406 0.14558639196060086 35
1679950641415 0.14627656619193233 36
1679950641424 0.14622942999513466 37
1679950641433 0.14709449461605148 38
1679950641442 0.14682120709938123 39
1679950641451 0.14588227169096618 40
1679950641460 0.14382023375158773 41
1679950641469 0.14501347730042893 42
1679950641476 0.14628671971499538 43
1679950641486 0.14527672469175407 44
1679950641495 0.1433919261514536 45
1679950641504 0.1447824419522918 46
1679950641513 0.14435560154024638 47
1679950641522 0.14566069933314796 48
1679950641531 0.14479002697597304 49
1679950641539 0.14472086811156532 50
1679950641547 0.14276268580554938 51
1679950641556 0.1438051685755509 52
1679950641564 0.14308658567001947 53
1679950641573 0.14271673826148684 54
1679950641583 0.1414260029465982 55
1679950641593 0.14166988126763724 56
1679950641603 0.1437094756572101 57
1679950641611 0.14203339179634814 58
1679950641620 0.14366981333298418 59
1679950641629 0.14162822284522278 60
1679950641638 0.14339685591751647 61
1679950641647 0.14217854075853542 62
1679950641655 0.14214258546500433 63
1679950641664 0.14279900669925566 64
1679950641674 0.14125328690418243 65
1679950641683 0.14260538927916044 66
1679950641691 0.1416711117237166 67
1679950641701 0.140407480233336 68
1679950641709 0.14055553147901592 69
1679950641718 0.14160635753144896 70
1679950641728 0.14233528522291958 71
1679950641736 0.1406186817185877 72
1679950641745 0.1427600860283417 73
1679950641752 0.14187725822573552 74
1679950641762 0.14294130603579902 75
1679950641771 0.1413115024038889 76
1679950641780 0.14087221404881173 77
1679950641789 0.13897333077442914 78
1679950641799 0.14224258655681848 79
1679950641807 0.14140504545377544 80
1679950641817 0.1404266659607939 81
1679950641826 0.140900097443759 82
1679950641836 0.13926940381761116 83
1679950641844 0.13985661836139288 84
1679950641852 0.13877940938118413 85
1679950641862 0.13799949766755107 86
1679950641872 0.14067653651073264 87
1679950641880 0.1415256807069235 88
1679950641889 0.13913298592465556 89
1679950641898 0.1397492281134026 90
1679950641908 0.14040628220657586 91
1679950641918 0.14109256604033635 92
1679950641928 0.14091041306683402 93
1679950641938 0.13970259214627476 94
1679950641947 0.14171444639792413 95
1679950641957 0.14237602890406703 96
1679950641966 0.14266824275028586 97
1679950641975 0.14047870768928775 98
1679950641983 0.1398984314032501 99
1679950641992 0.14250499403521066 100
1679950642001 0.1403783442680693 101
1679950642010 0.14103008430114775 102
1679950642018 0.14080102976817865 103
1679950642028 0.13998963436800413 104
1679950642039 0.13993941962626028 105
1679950642050 0.13955116372701998 106
1679950642059 0.14049985860122996 107
1679950642068 0.1382955302057938 108
1679950642077 0.13955040787063477 109
1679950642086 0.1384943627689737 110
1679950642094 0.13899386836810415 111
1679950642103 0.1390048611958097 112
1679950642112 0.13814302694280609 113
1679950642121 0.13868277886793876 114
1679950642129 0.13943988353657508 115
1679950642138 0.14018392941485805 116
1679950642147 0.13916075044326864 117
1679950642157 0.13792898232427953 118
1679950642166 0.1379342771279672 119
1679950642174 0.14010292670474753 120
1679950642183 0.1408989613222406 121
1679950642193 0.14025899303466316 122
1679950642201 0.1407584011275412 123
1679950642211 0.14030149672815007 124
1679950642220 0.13829576385487086 125
1679950642229 0.13978385832856835 126
1679950642238 0.13726045324096917 127
1679950642246 0.1419707114353424 128
1679950642257 0.1378977981288063 129
1679950642267 0.13813437768760076 130
1679950642279 0.1386438017473256 131
1679950642290 0.13791289902185624 132
1679950642302 0.13903190022705358 133
1679950642315 0.13856000001081853 134
1679950642327 0.1400599812535517 135
1679950642339 0.13821784951391883 136
1679950642352 0.13810087393034207 137
1679950642366 0.13854068951357676 138
1679950642381 0.13845704808662657 139
1679950642395 0.13757749685994766 140
1679950642408 0.13756703915350293 141
1679950642425 0.13970199214682358 142
1679950642439 0.13917799207456952 143
1679950642453 0.13873644063235915 144
1679950642466 0.13908666652075782 145
1679950642477 0.1379691547293546 146
1679950642487 0.13860913377218503 147
1679950642497 0.13931573380051387 148
1679950642507 0.13754914546454228 149
1679950642517 0.13842164013490627 150
1679950642526 0.13806659270566327 151
1679950642536 0.13906258620704312 152
1679950642547 0.13939990215173256 153
1679950642558 0.13930431987551095 154
1679950642567 0.1395883578554394 155
1679950642579 0.13857125852760316 156
1679950642590 0.13897212201864348 157
1679950642602 0.1383608642283761 158
1679950642613 0.13919036938815335 159
1679950642625 0.1373013616436382 160
1679950642635 0.1390727807825407 161
1679950642647 0.139147037905474 162
1679950642657 0.13847684190947523 163
1679950642667 0.13936814618777998 164
1679950642679 0.14019390125861858 165
1679950642689 0.13892510854152593 166
1679950642700 0.13719237511612525 167
1679950642710 0.13735622891624086 168
1679950642720 0.13749816430441794 169
1679950642731 0.13707445531524157 170
1679950642740 0.13829100964228 171
1679950642750 0.13889607044604604 172
1679950642760 0.13817194776324804 173
1679950642771 0.13625830563255817 174
1679950642782 0.1390671889239202 175
1679950642792 0.13868220529931485 176
1679950642801 0.13759034877834314 177
1679950642810 0.1388352597199085 178
1679950642820 0.13631208694770347 179
1679950642830 0.1372048240573083 180
1679950642841 0.13773378893728971 181
1679950642852 0.13582872772023033 182
1679950642864 0.13509761287105782 183
1679950642875 0.13777701146769492 184
1679950642887 0.1370963657694115 185
1679950642897 0.13863854586509175 186
1679950642909 0.13755647386336198 187
1679950642921 0.13858868104252792 188
1679950642932 0.13796197517474523 189
1679950642944 0.13756913831526713 190
1679950642955 0.1381943330410772 191
1679950642967 0.1375749840239652 192
1679950642979 0.1384573332852328 193
1679950642990 0.13901003310471433 194
1679950643000 0.13838988565415292 195
1679950643009 0.13799716139349177 196
1679950643018 0.1372707664502617 197
1679950643029 0.13738189424886377 198
1679950643038 0.1380378559152163 199
