1679950180503 0.690210613278868 0
1679950180514 0.5129807369422783 1
1679950180522 0.4111789424686324 2
1679950180530 0.3492445802337154 3
1679950180538 0.31053058479507983 4
1679950180548 0.28183220965144096 5
1679950180557 0.2560588943013677 6
1679950180565 0.23973316941651393 7
1679950180576 0.22385596331640334 8
1679950180584 0.2180298052175182 9
1679950180593 0.20589640597896666 10
1679950180603 0.19557385902938895 11
1679950180611 0.1896463919203178 12
1679950180620 0.18534262365971088 13
1679950180629 0.17867436369228168 14
1679950180639 0.17714912747744088 15
1679950180647 0.17154209981801222 16
1679950180656 0.16983263108962177 17
1679950180665 0.16537524217831573 18
1679950180674 0.1627077868737397 19
1679950180683 0.16137852719091747 20
1679950180692 0.1616353769158072 21
1679950180702 0.15659023098199673 22
1679950180711 0.1565763956023587 23
1679950180719 0.1544192401208361 24
1679950180727 0.153820116692183 25
1679950180736 0.15356122390220447 26
1679950180745 0.15104054797076566 27
1679950180754 0.15095153775057366 28
1679950180762 0.1487535693489471 29
1679950180771 0.1495186715811163 30
1679950180780 0.14890206652000504 31
1679950180789 0.15055709636527229 32
1679950180799 0.14753564137067657 33
1679950180807 0.14683384001881217 34
1679950180816 0.14558639196060086 35
1679950180826 0.14627656619193233 36
1679950180835 0.14622942999513466 37
1679950180843 0.14709449461605148 38
1679950180852 0.14682120709938123 39
1679950180862 0.14588227169096618 40
1679950180870 0.14382023375158773 41
1679950180880 0.14501347730042893 42
1679950180889 0.14628671971499538 43
1679950180898 0.14527672469175407 44
1679950180908 0.1433919261514536 45
1679950180916 0.1447824419522918 46
1679950180926 0.14435560154024638 47
1679950180935 0.14566069933314796 48
1679950180944 0.14479002697597304 49
1679950180953 0.14472086811156532 50
1679950180961 0.14276268580554938 51
1679950180970 0.1438051685755509 52
1679950180979 0.14308658567001947 53
1679950180989 0.14271673826148684 54
1679950180998 0.1414260029465982 55
1679950181007 0.14166988126763724 56
1679950181015 0.1437094756572101 57
1679950181023 0.14203339179634814 58
1679950181033 0.14366981333298418 59
1679950181041 0.14162822284522278 60
1679950181051 0.14339685591751647 61
1679950181059 0.14217854075853542 62
1679950181067 0.14214258546500433 63
1679950181077 0.14279900669925566 64
1679950181087 0.14125328690418243 65
1679950181096 0.14260538927916044 66
1679950181105 0.1416711117237166 67
1679950181113 0.140407480233336 68
1679950181122 0.14055553147901592 69
1679950181131 0.14160635753144896 70
1679950181141 0.14233528522291958 71
1679950181154 0.1406186817185877 72
1679950181167 0.1427600860283417 73
1679950181181 0.14187725822573552 74
1679950181195 0.14294130603579902 75
1679950181207 0.1413115024038889 76
1679950181220 0.14087221404881173 77
1679950181232 0.13897333077442914 78
1679950181246 0.14224258655681848 79
1679950181258 0.14140504545377544 80
1679950181271 0.1404266659607939 81
1679950181283 0.140900097443759 82
1679950181297 0.13926940381761116 83
1679950181311 0.13985661836139288 84
1679950181323 0.13877940938118413 85
1679950181337 0.13799949766755107 86
1679950181349 0.14067653651073264 87
1679950181361 0.1415256807069235 88
1679950181373 0.13913298592465556 89
1679950181386 0.1397492281134026 90
1679950181399 0.14040628220657586 91
1679950181411 0.14109256604033635 92
1679950181423 0.14091041306683402 93
1679950181436 0.13970259214627476 94
1679950181448 0.14171444639792413 95
1679950181460 0.14237602890406703 96
1679950181470 0.14266824275028586 97
1679950181479 0.14047870768928775 98
1679950181488 0.1398984314032501 99
